p =  0.012664768894833716
p' = 0.013085328320905542
n' = 1742868
z = 4.965107634494333
alpha = 3.4331489151551153e-07